-15.813162 -10.152211
4.620904 3.0816915
-2.113084 -11.260134
18.431591 13.67348
19.612137 17.508696
27.502323 25.832232
-1.1001536 3.4949522
-30.202578 -21.059776
11.764702 8.988413
22.295492 24.985765
14.389664 11.845588
-24.010832 -20.71707
31.099388 26.662945
-14.434027 -4.246007
-20.147211 -14.819379
11.270015 9.776864
9.797374 12.558318
-16.489786 -19.70469
-21.62106 -19.829094
26.735727 21.74494
20.786531 20.966791
26.156712 20.932386
-28.903688 -21.634476
9.094332 8.082546
18.278984 16.679638
-12.961707 -3.6794121
-6.1633334 -1.208751
20.095545 16.924421
-25.152163 -16.322947
3.7078466 5.048498
13.367259 12.5918
-23.564054 -17.976784
3.198241 -1.3668605
11.413248 7.507827
-11.824548 -13.856151
3.3525622 11.7908535
-4.569336 -4.2993374
-15.144935 -8.616251
-1.3556479 -10.027081
-10.161866 -14.691598
-0.29429746 -11.261554
-2.8976123 -11.311961
4.008551 6.89056
3.1953504 11.180808
0.8591087 1.0593175
-27.077044 -16.970715
22.67919 18.897194
25.249626 20.017164
10.308816 14.609604
-23.595215 -18.86558
-11.269772 -15.550561
-15.151035 -4.3791294
-25.416826 -18.942
-0.4159077 2.7853746
30.097937 26.39499
27.380535 26.39404
24.100468 25.32651
-12.016106 -15.598977
-16.906084 -1.7549291
-4.451812 -4.6014376
-2.8281672 -5.579366
0.43121213 -10.531647
-5.253183 -12.182241
2.132583 6.7543087
-22.361288 -17.73683
-23.574652 -15.060979
-1.4517395 -9.143725
-15.421454 -0.46097127
-18.377897 -13.906384
-19.678598 -13.577648
4.756144 3.631517
19.190733 15.891226
0.090392135 1.2977945
9.050883 4.7100406
-19.17912 -13.038956
11.22149 4.3683424
-14.076125 -8.331711
16.149727 20.05257
-14.242927 -19.835394
-17.17978 -2.768744
-19.568003 -17.258394
-25.305082 -19.997944
16.412292 7.7241826
0.09894273 -7.0328665
-17.57259 -13.495252
10.56968 7.796882
-0.43594235 -9.500015
8.227488 13.1480875
23.53947 23.080265
8.974758 15.00658
20.245499 20.431429
-9.755733 -13.615761
21.391441 17.962116
-13.410713 0.8935649
-20.020294 -20.69563
-8.272569 -7.0330772
7.263625 13.155165
-14.931336 0.2938895
-0.22954845 0.13353741
14.200399 15.962368
-18.186342 -16.287073
11.94455 10.696323
29.552393 25.913021
-2.9730532 -6.266968
-7.819318 -7.4423385
-27.322157 -23.000265
-3.4503727 -8.830358
0.8068866 3.2673342
-16.488127 -4.638653
27.374847 21.189207
-17.887815 -12.220595
-25.802483 -12.722697
-8.081456 -6.4544253
-1.1894901 5.6841307
12.456026 7.3803773
-12.447775 -12.121496
-3.9843519 0.61592
5.76857 9.039937
-7.0387135 -2.518301
21.997171 19.659061
-19.138245 -10.961734
9.509176 14.223391
14.6135 19.760916
-30.859789 -21.162155
-1.2632785 7.3349476
-1.2927792 7.8487396
-9.671975 -9.9549675
29.899286 24.963568
5.584692 14.377794
29.040894 26.174692
13.581612 9.112199
21.318953 23.693712
-18.251427 -6.3902173
-0.3614711 -0.6390193
-3.7567027 -8.827506
-20.685083 -12.659464
-15.057094 -1.5150113
12.968756 11.3565855
0.7608553 3.336943
16.951973 9.777325
-15.485907 -12.077588
26.648466 25.264147
29.075 25.282742
-15.131556 -11.311837
13.556911 14.181351
-22.29359 -11.883318
6.60597 6.563466
-11.699514 -1.6919873
9.992917 4.743664
3.2444494 -2.8778527
3.8633702 -2.38181
4.520287 -2.1755378
2.8886409 -2.8988874
-23.211975 -20.470196
-30.482615 -21.774727
4.8767505 7.5147333
28.74431 27.181608
-8.340814 -9.500129
-25.778744 -23.705706
30.995668 27.493092
8.232972 8.624392
8.538999 15.497373
-9.037794 -7.3408995
-4.8152494 1.2123466
29.73363 23.941763
-10.070958 -3.9806097
-6.805005 -12.692032
-9.404062 -0.5053777
-9.183211 -0.1833464
19.177258 14.733837
15.697006 10.39466
19.762173 14.261339
15.335933 14.135929
-6.1708045 -13.085197
-12.329799 0.74606615
-5.734284 2.698172
-14.444388 -15.350713
-25.200104 -20.714003
10.788159 8.119821
3.5464199 7.355099
-14.888685 -13.647806
21.827578 17.433083
-27.343807 -19.87642
-5.5979624 -6.839322
23.286016 16.907795
0.7976356 0.09856477
-7.828311 -12.543858
7.841998 10.188045
-13.835309 0.25428057
20.683844 19.1281
13.354955 8.562248
3.9395592 -1.4108242
-19.156645 -11.813829
-1.3152816 0.6744371
-0.67719805 -10.025487
26.107954 23.201996
11.352781 12.0525465
1.7383686 10.090549
5.87568 -1.7783352
-12.57234 -1.5252845
27.554993 24.207073
-3.5769992 -6.5537806
-18.015438 -6.3514156
-22.984346 -23.712738
15.537927 10.420043
-3.66144 -7.328986
-2.633352 -13.278957
-20.259224 -18.14804
-8.368671 -9.652799
17.356499 16.219463
-2.8609574 3.2701306
-14.249643 -1.4443915
16.457294 19.542398
-26.431932 -15.862394
-27.160982 -19.838663
-25.617296 -12.616026
-5.9009347 2.3375952
21.028912 14.06259
-9.563402 -15.271008
7.9715757 8.157273
-29.771889 -21.698471
-9.963738 -11.720915
-4.635226 -10.854669
15.934908 23.219374
-15.232947 -19.60026
-27.582201 -22.423746
-21.281485 -23.09666
-21.699257 -13.260057
-21.890661 -14.714214
-20.369993 -12.385866
-9.214089 -0.003698248
-6.119645 1.7330867
25.912813 21.490854
16.365362 18.462091
-16.807718 -14.053899
3.6210005 5.6290016
-24.347254 -12.911212
9.562788 8.909408
1.9978805 6.166519
23.26599 18.63481
1.846275 4.050523
28.231705 25.379486
-14.466131 -2.9370914
-1.419279 4.8906546
-6.20744 -2.3900084
16.522459 7.297391
30.228426 28.164959
19.791203 13.3138485
19.52339 16.766558
25.317184 24.705395
-18.288298 -16.300505
-7.347895 -8.775256
17.358246 12.807454
-26.008675 -22.905146
-3.9233541 0.6064551
-19.133955 -12.851151
24.037271 19.740387
8.49769 11.081157
12.02454 11.204131
-1.66237 -1.0707394
-25.084846 -23.284336
-22.884315 -15.854549
10.859867 4.5421996
-2.7199647 2.6320117
23.029768 20.331167
-2.0267599 -13.604611
-15.884441 -3.7669818
-12.622517 -20.705578
4.9617944 5.986472
-11.399423 -11.02866
-10.056824 -11.603197
16.93759 11.370606
7.295228 1.4415915
-9.156501 -6.082252
3.8730829 3.842802
17.240145 12.167729
-6.9351077 2.4085371
-16.912111 -2.5022602
-9.46026 -7.2355804
-1.9279376 -3.0479836
6.7614627 2.5467422
5.5160475 11.373765
21.352718 16.27122
-4.9064646 -12.842333
-11.38927 -10.460922
-2.9068067 -11.163905
-7.553387 -1.8943582
-25.349129 -23.062056
3.7816308 -0.88350755
28.744993 24.749243
16.915833 23.46293
-0.97766584 6.155653
27.041023 22.484083
-10.76104 -15.280033
17.84397 18.095213
-19.682077 -19.34521
-8.431225 -5.542842
-22.04766 -15.429241
27.383123 24.413477
13.957974 11.1706295
-21.170898 -14.085441
-17.383127 -16.78423
24.079437 23.117523
-13.1007395 -20.50836
-17.063505 -8.339732
-10.909643 -13.060047
-26.386396 -22.072783
-7.7801366 -14.336662
4.794139 -1.0745468
-28.997337 -22.39913
0.13972402 -11.335394
-26.157784 -23.667887
-13.938292 -0.7303337
-11.944881 -14.524943
-7.9678206 -13.391901
16.4105 16.010672
-26.242014 -19.767996
-7.214325 -13.811271
-13.351762 -16.24521
9.820164 5.3414803
5.613886 13.441893
-6.405642 -14.28806
-22.067581 -23.675024
-5.938791 -13.589162
-7.02814 -13.376739
-12.590787 -15.493644
-21.17921 -17.551796
-5.172862 -7.332819
-14.032241 -13.569795
-10.782535 -14.616005
5.019992 9.550019
-19.104162 -19.314987
12.784117 13.947802
-8.4953785 0.98514646
12.24592 15.310659
-17.827917 -17.939991
6.9422793 10.382314
1.471886 10.269268
-13.821359 -19.651186
-23.22043 -16.305647
9.282072 10.702149
22.837297 20.14654
12.745736 7.78713
-5.454532 -7.8617387
-4.452145 -12.162737
3.8856997 10.036772
14.117002 16.73981
-12.381257 0.76332575
-21.464678 -16.155949
-6.8718123 0.06531061
23.094463 24.945919
-16.523697 -9.491145
20.044123 14.532095
-26.18034 -22.12598
-22.519918 -13.627131
14.117737 15.051953
-8.899772 -4.545615
-15.549955 -9.433525
5.906003 4.655005
-6.5686164 -3.4723845
-3.5734093 -4.701678
21.755466 21.237617
3.5374663 9.608917
16.990343 19.681416
-7.700969 -3.1290987
-10.044263 -3.7623053
-20.596529 -10.183033
29.841776 27.140354
11.962057 13.752165
0.45855373 4.6271067
18.748487 18.281452
-21.445995 -21.838787
-1.8879646 -5.201083
7.681462 12.865469
8.316297 1.3002752
-27.803967 -21.200382
24.533659 24.410183
30.369349 27.49259
28.593353 26.648102
29.493227 28.014538
15.534467 17.083038
-6.2631593 -6.61875
8.059213 1.2263074
-17.422192 -12.172326
26.507164 20.384745
-22.51373 -18.12328
-14.308313 -16.280142
9.905525 15.30153
30.419535 25.745459
24.937136 23.590569
-14.53689 -10.975084
12.337038 16.311562
3.7239277 2.636762
-7.880835 2.2505856
-1.0421191 -8.671761
-21.538536 -23.35029
-10.933853 -2.041354
18.820831 19.11366
-20.27961 -11.20581
-22.458506 -22.92957
6.117294 12.1654215
24.97566 21.19486
12.842927 13.102102
-11.82882 -3.2522235
19.795877 20.49692
5.39991 6.6806164
12.339366 12.83341
8.55487 11.382828
-27.763916 -21.949371
22.973171 21.858364
-9.043972 -2.2281003
-22.480904 -20.80564
25.25049 22.672731
19.981138 21.789764
-20.868774 -13.889232
5.3517423 11.870494
-13.885144 -4.31692
26.010674 23.840588
-0.87494653 4.458186
-20.404505 -15.400243
1.7404835 4.829164
-22.469662 -16.950298
5.9812255 9.133629
9.402465 14.770057
19.94946 18.599758
23.753439 16.946547
-29.432001 -20.43004
2.881234 8.176786
21.41567 21.579609
-22.110872 -22.798988
-22.22391 -19.24047
14.625096 12.694885
-5.341657 -6.163106
2.5494847 -3.5354433
